number
0 6 11 25 32 34 54 77 86 89 102 110 119 122 129 138 151 158 158 168 168 184 195 197 210 219 232 252 254 256 261 281 289 290 302 305 307 311 313 338 343 346 347 354 358 366 375 384 386 396 397 399 402 417 438 441 444 448 449 453 457 465 469 492 495 498 502 505 512 518 532 541 550 553 563 577 586 608 620 623 626 629 640 641 643 648 657 658 682 684 689 693 712 715 725 735 736 740 748 749 754 756 764 804 820 829 830 841 847 852 858 864 887 900 902 913 916 936 944 951 968 971 988 1001 1021 1038 1040 1055 1057 1058 1069 1070 1080 1101 1112 1137 1148 1156 1161 1168 1170 1178 1180 1184 1190 1209 1213 1220 1221 1232 1243 1262 1263 1304 1316 1317 1318 1328 1358 1360 1360 1362 1363 1368 1370 1391 1392 1395 1407 1410 1429 1443 1448 1451 1452 1456 1464 1465 1475 1482 1486 1488 1498 1500 1507 1519 1527 1529 1545 1554 1555 1566 1569 1570 1572 1577 1582 1586 1597 1605 1619 1628 1639 1642 1657 1662 1666 1670 1672 1676 1678 1689 1700 1703 1704 1724 1772 1777 1788 1800 1801 1809 1833 1851 1867 1870 1872 1876 1882 1886 1887 1895 1896 1961 1964 1967 1977 1978 1982 1988 1989 1993 1995 1997 1998 2005 2031 2034
of
0 6 29 32 34 36 36 54 58 77 85 89 102 109 110 118 118 119 122 124 129 131 138 140 141 143 149 150 151 158 162 168 168 168 169 170 171 184 195 196 197 202 207 209 210 214 219 224 229 238 241 252 254 256 261 266 270 276 281 283 285 286 287 287 288 289 289 290 297 298 305 305 307 309 309 311 312 314 316 339 343 346 347 354 355 358 358 360 363 366 369 373 375 375 383 384 385 386 394 396 397 399 412 421 424 424 425 432 438 442 444 448 448 449 450 457 460 465 465 469 480 481 483 486 492 495 498 499 501 502 504 505 515 518 520 535 541 544 550 557 561 562 563 575 577 580 586 592 594 599 599 600 602 604 608 621 621 623 626 629 634 641 643 649 654 657 659 664 670 673 681 682 682 684 685 687 691 693 694 696 699 705 705 712 719 725 733 735 736 738 739 740 748 748 749 752 753 754 756 764 768 775 779 781 783 785 788 804 806 820 826 829 830 832 834 841 846 847 849 852 853 854 858 860 862 864 866 870 874 880 885 891 897 900 901 902 906 913 915 916 924 925 936 945 946 951 953 971 972 980 987 988 989 992 998 1001 1026 1038 1040 1041 1055 1058 1062 1067 1069 1070 1071 1080 1083 1091 1095 1101 1112 1115 1116 1118 1119 1121 1134 1137 1148 1149 1152 1156 1157 1162 1164 1166 1168 1170 1175 1175 1178 1180 1182 1183 1184 1187 1190 1197 1198 1202 1204 1204 1208 1209 1211 1213 1215 1216 1217 1218 1220 1221 1226 1228 1229 1232 1243 1246 1257 1262 1263 1277 1278 1287 1300 1304 1316 1317 1318 1328 1340 1344 1351 1360 1370 1373 1373 1374 1385 1391 1392 1394 1395 1405 1414 1416 1419 1422 1426 1429 1433 1443 1445 1447 1448 1451 1452 1456 1461 1461 1464 1465 1469 1473 1475 1482 1483 1486 1488 1490 1499 1500 1512 1519 1527 1529 1536 1538 1541 1543 1545 1554 1554 1555 1558 1560 1562 1566 1569 1572 1574 1577 1582 1585 1586 1593 1594 1599 1604 1610 1614 1619 1628 1639 1642 1647 1657 1657 1662 1666 1670 1672 1673 1674 1676 1678 1684 1685 1687 1689 1699 1703 1704 1706 1724 1727 1728 1748 1752 1753 1754 1757 1757 1770 1772 1777 1788 1796 1797 1800 1819 1827 1829 1833 1839 1842 1842 1847 1851 1867 1870 1872 1874 1880 1887 1892 1895 1896 1908 1927 1927 1928 1933 1935 1936 1936 1946 1949 1951 1958 1967 1971 1972 1977 1978 1982 1987 1988 1989 1995 1996 1997 1998 2001 2005 2007 2008 2023 2025 2034
good
0 21 34 54 112 128 217 331 505 636 847 858 1400 1457 1484 1569 1593 1596 1962 1990
paths
0 78 138 252 405 885 906 1042 1261 1423 1428 1477 2001 2024
max
1 252 428 849 916 927 961 992 1020 1077 1101 1152 1405 1625 1708 1755 1772
chunks
1 428
to
1 5 9 12 39 43 54 67 69 70 71 73 77 78 86 90 101 113 121 122 134 138 148 151 158 158 163 168 169 173 184 226 244 274 286 290 299 303 312 318 326 329 337 341 343 354 362 368 371 384 395 398 405 428 432 436 445 457 464 468 488 489 491 491 492 497 497 499 500 502 510 512 513 523 523 525 526 538 553 557 564 588 593 600 604 605 615 629 641 649 651 651 670 679 704 712 712 715 719 728 736 754 755 756 756 757 773 776 784 787 811 818 820 820 823 827 833 857 872 882 891 902 913 937 938 943 943 951 951 971 981 982 985 1013 1025 1029 1034 1036 1052 1057 1069 1072 1080 1094 1095 1121 1124 1133 1134 1137 1150 1153 1165 1178 1190 1206 1209 1215 1222 1233 1236 1239 1280 1280 1295 1299 1304 1318 1321 1326 1346 1354 1360 1360 1392 1400 1409 1409 1423 1423 1437 1439 1439 1442 1455 1462 1464 1474 1476 1485 1488 1496 1500 1505 1509 1509 1520 1529 1535 1545 1548 1552 1554 1559 1559 1564 1579 1583 1587 1591 1592 1596 1608 1625 1626 1631 1633 1642 1653 1665 1666 1676 1679 1687 1692 1703 1703 1704 1720 1736 1766 1771 1772 1776 1780 1788 1788 1800 1813 1814 1822 1855 1872 1876 1879 1883 1885 1886 1887 1895 1897 1902 1910 1917 1921 1942 1945 1958 1959 1975 1979 1992 2006
make
1 12 71 73 101 121 122 148 184 269 274 318 329 341 362 371 384 415 428 445 488 489 492 497 500 513 559 605 629 641 651 670 684 725 756 757 773 787 811 885 902 913 938 941 1095 1124 1133 1134 1153 1178 1196 1295 1299 1304 1326 1335 1393 1409 1423 1455 1476 1576 1587 1608 1609 1617 1626 1634 1872 1897 1910 1921 1959 1979
sorted
1 82 149 247 263 266 341 384 428 464 497 669 726 870 878 924 1049 1078 1128 1214 1218 1230 1274 1476 1479 1501 1645 1789 1823 1855 1930 1935 1959 2019
maximum
2 3 4 20 26 32 56 65 85 102 137 139 143 179 193 196 209 211 232 250 254 256 261 286 298 301 306 308 311 314 315 331 358 366 375 378 383 386 479 480 494 504 508 544 550 562 571 572 583 599 608 657 658 673 682 684 690 705 710 730 794 807 808 843 874 900 920 929 932 953 967 972 989 990 997 1014 1033 1038 1054 1056 1083 1106 1118 1120 1145 1151 1164 1180 1183 1215 1216 1220 1221 1226 1229 1233 1244 1263 1277 1278 1283 1284 1291 1323 1332 1334 1348 1395 1410 1419 1422 1433 1434 1435 1439 1443 1445 1450 1451 1452 1456 1458 1475 1487 1492 1499 1516 1529 1537 1541 1543 1582 1584 1593 1599 1613 1636 1678 1706 1715 1738 1751 1752 1754 1777 1778 1839 1858 1861 1869 1875 1933 1946 1954 1963 1982 1988 2005 2007 2012 2017 2020 2028
alternating
2 101 639 913 1133 1161 1872 1969
subsequence
2 74 180 260 272 422 459 483 520 651 732 735 917 926 928 970 1035 1085 1149 1374 1455 1463 1526 1729 1758 1844 1847 1919 2028
sum
2 3 7 10 26 43 69 74 85 104 109 110 113 124 127 144 149 153 170 197 204 211 266 280 286 309 368 373 383 425 432 465 479 480 483 520 523 545 553 557 562 591 622 673 709 710 741 762 794 826 849 853 869 878 900 953 962 990 999 1014 1018 1025 1028 1032 1055 1083 1112 1127 1137 1162 1166 1183 1218 1228 1244 1246 1291 1300 1305 1312 1324 1384 1440 1446 1447 1458 1461 1473 1477 1480 1483 1491 1516 1526 1556 1557 1558 1560 1560 1562 1574 1634 1641 1647 1651 1658 1664 1672 1689 1698 1706 1793 1795 1796 1839 1842 1844 1845 1858 1861 1868 1877 1890 1893 1908 1912 1918 1927 1936 1958 1969 1971 1996 1998 2008 2014 2029
compatibility
3
score
3 76 118 180 213 250 252 301 439 486 538 583 1119 1285 1332 1340 1401 1485 1492 1593 1616 1673 1715 1819 1947 2012 2028
average
4 17 159 349 600 699 719 822 832 889 920 1414 1554 1613
subarray
4 26 183 235 497 562 573 710 713 730 762 827 962 1065 1116 1138 1151 1162 1218 1277 1278 1334 1440 1462 1515 1542 1593 1795 1827 1861 1908 2017
i
4 145 187 296 743 814 903 1035 1051 1240 1279 1427 1529 1709 2026
minimum
5 7 39 70 71 73 83 86 90 101 106 121 122 125 127 148 150 159 169 180 184 197 203 222 226 238 244 247 270 271 283 290 329 343 362 384 398 401 439 445 457 484 489 491 500 502 512 523 526 531 538 564 588 604 605 615 629 633 641 649 670 672 679 695 704 717 731 741 749 752 754 755 756 757 776 784 811 818 852 857 866 891 902 908 913 937 938 943 951 957 981 985 1001 1025 1026 1029 1032 1034 1053 1078 1119 1124 1133 1140 1156 1170 1178 1209 1221 1236 1239 1243 1244 1246 1269 1275 1280 1282 1287 1294 1299 1304 1326 1340 1376 1409 1421 1426 1429 1441 1442 1455 1463 1464 1496 1509 1546 1548 1556 1558 1559 1587 1613 1618 1626 1633 1637 1642 1659 1666 1672 1687 1689 1699 1703 1719 1720 1753 1756 1776 1780 1788 1795 1800 1868 1872 1897 1910 1917 1921 1938 1945 1963 1989 2000 2006
insertions
5
balance
5 1578
a
5 38 54 64 73 77 81 82 85 104 135 141 147 149 150 158 176 208 210 223 223 238 238 244 266 278 286 287 289 290 294 297 305 313 321 323 351 358 360 360 363 369 375 378 378 392 398 409 436 446 448 457 465 482 485 486 491 499 499 501 515 523 531 535 553 564 568 599 604 621 645 656 657 661 667 682 683 694 696 727 733 736 738 752 753 764 767 768 778 779 805 806 816 818 834 837 838 839 851 851 866 866 868 869 874 880 885 886 890 910 915 916 927 936 937 937 944 972 979 980 998 1016 1026 1028 1057 1066 1072 1087 1094 1103 1104 1109 1118 1125 1128 1148 1163 1170 1183 1202 1203 1204 1225 1234 1250 1294 1298 1313 1323 1336 1340 1360 1364 1373 1373 1373 1392 1394 1395 1398 1409 1411 1419 1428 1434 1439 1445 1450 1451 1455 1460 1465 1488 1488 1492 1494 1506 1513 1529 1535 1536 1548 1578 1580 1585 1586 1587 1590 1593 1608 1614 1619 1622 1633 1636 1653 1666 1679 1705 1706 1752 1757 1757 1770 1774 1778 1788 1792 1814 1824 1825 1826 1827 1832 1833 1834 1860 1876 1887 1889 1891 1898 1903 1904 1912 1913 1914 1920 1926 1928 1928 1928 1930 1934 1935 1948 1949 1951 1955 1962 1980 1987 1988 1997 1999 2010 2016 2018 2031 2031
parentheses
5 45 66 208 209 303 362 1673 1681 1685 1742 1754 1779 1897 1999
string
5 54 58 63 73 81 107 140 151 163 176 208 323 330 334 363 376 384 391 436 467 489 501 535 536 552 576 621 651 660 667 694 696 728 736 750 767 768 772 779 831 874 913 915 916 980 993 1017 1023 1054 1072 1073 1084 1110 1117 1118 1123 1125 1133 1142 1171 1175 1186 1234 1242 1257 1295 1298 1299 1304 1310 1316 1323 1375 1399 1411 1412 1418 1444 1453 1488 1492 1504 1532 1536 1576 1580 1583 1586 1609 1611 1612 1631 1635 1653 1656 1660 1663 1679 1680 1699 1711 1719 1723 1739 1770 1801 1804 1811 1854 1856 1863 1872 1882 1936 1979 1993 1997 1999 2018 2018 2032
unique
6 34 43 182 243 258 466 621 811 853 916 974 1042 1118 1125 1232 1242 1261 1326 1532 1649 1662 1768 1848 2024
occurrences
6 80 375 1202 1317
falling
7 93 1032 1697
path
7 20 38 150 208 212 223 639 698 741 795 801 835 991 1032 1120 1203 1247 1250 1321 1340 1361 1376 1445 1446 1587 1598 1705 1781 1858 1860 1877 1893
ii
7 13 27 28 41 47 55 57 63 90 144 147 184 198 231 239 242 247 262 302 333 345 400 416 418 428 441 455 459 500 602 669 672 761 763 774 824 836 859 875 878 899 914 926 959 970 974 1005 1046 1063 1084 1090 1163 1185 1186 1193 1235 1254 1261 1293 1309 1314 1325 1377 1380 1390 1435 1505 1514 1568 1603 1607 1644 1645 1678 1716 1737 1741 1790 1816 1818 1830 1846 1853 1877 1878 1959 2006 2013 2019
next
8 218 387 721 959 1279 1380 1567
greater
8 68 69 324 387 815 1039 1279 1380 1554 1567 1771
node
8 138 192 360 392 721 785 880 959 1094 1139 1294 1373 1584 1591 1832 1947 1949
in
8 15 18 21 22 24 38 46 61 82 104 107 135 146 149 170 176 185 203 211 223 238 247 270 292 294 308 314 321 323 325 348 360 369 370 372 378 392 398 405 429 438 453 456 482 484 485 487 501 536 546 554 567 573 578 601 610 613 614 623 628 656 657 664 667 674 676 682 716 721 750 753 792 804 805 808 816 823 837 838 851 866 868 870 874 884 885 890 896 910 931 937 947 950 959 978 979 991 993 1004 1015 1017 1026 1028 1045 1061 1066 1078 1084 1093 1105 1109 1111 1125 1128 1135 1142 1148 1150 1159 1168 1170 1174 1180 1188 1194 1203 1207 1225 1230 1234 1242 1250 1253 1257 1269 1291 1294 1297 1302 1310 1313 1328 1360 1364 1373 1379 1395 1402 1404 1411 1414 1416 1425 1428 1434 1444 1454 1459 1463 1477 1479 1481 1484 1494 1511 1517 1523 1570 1586 1587 1590 1598 1604 1622 1647 1648 1653 1670 1676 1705 1707 1733 1739 1757 1774 1780 1781 1783 1799 1801 1807 1818 1825 1832 1833 1851 1860 1876 1888 1889 1904 1906 1911 1914 1928 1930 1934 1950 1960 1965 1988 1993 1997 2007 2010 2015 2016 2019 2034
linked
8 59 85 206 291 394 468 554 654 803 836 865 995 1139 1379 1415 1494 1511 1557 1832 1853 1876 1913 1949 2004
list
8 59 85 95 206 287 287 291 464 468 554 654 669 726 785 803 819 836 865 890 964 995 1060 1139 1147 1415 1494 1511 1557 1671 1695 1722 1832 1853 1876 1913 1949 1968 2004
k
9 77 183 193 213 235 279 292 363 368 383 425 479 514 520 526 535 572 655 731 749 760 762 765 799 849 884 893 942 962 979 985 990 1003 1033 1053 1065 1080 1167 1169 1187 1214 1287 1318 1352 1412 1477 1491 1533 1545 1546 1554 1604 1629 1647 1657 1662 1672 1688 1714 1739 1829 1885 1891 1956 1986 2023
closest
9 53 74 395 410 414 499 514 557 601 868 949 1591 1746
points
9 102 210 386 430 430 522 649 843 927 1221 1659 1704 1777 1902
origin
9 1992
partition
10 95 99 140 278 368 572 794 883 1013 1412 1651 1791
array
10 24 36 90 99 101 105 118 148 149 185 193 240 247 274 278 292 310 314 316 318 325 365 370 378 424 425 442 445 446 446 453 460 460 461 486 488 497 500 546 557 559 572 575 578 592 597 603 605 629 666 670 673 674 686 691 719 745 747 750 756 773 775 787 794 796 808 811 820 822 827 857 870 872 873 874 878 882 893 915 925 930 938 942 947 948 950 989 1013 1017 1030 1039 1045 1064 1078 1093 1113 1124 1135 1153 1158 1159 1168 1174 1179 1189 1196 1197 1230 1264 1273 1274 1291 1293 1297 1302 1305 1310 1329 1335 1344 1348 1364 1383 1389 1404 1426 1442 1447 1454 1459 1469 1479 1484 1485 1500 1501 1523 1560 1592 1604 1606 1608 1626 1645 1650 1653 1666 1674 1675 1691 1712 1725 1727 1728 1750 1770 1776 1789 1791 1802 1805 1819 1823 1831 1836 1855 1874 1906 1909 1922 1930 1935 1950 1956 1962 1963 2007 2019
into
10 81 363 365 446 470 852 882 916 1157 1179 1412 1443 1791 1826 1989
three
10 108 153 178 203 241 327 412 465 485 530 553 832 882 891 1229 1482 1610 1889 1915 1926
parts
10 1511 1915
with
10 20 50 70 91 92 102 126 127 137 150 155 163 180 182 197 224 241 252 253 266 279 286 315 321 324 332 342 359 376 383 423 446 454 461 466 479 486 520 545 565 639 661 662 663 677 688 710 719 748 764 765 773 795 802 804 815 822 828 839 851 867 900 904 932 934 962 964 990 1020 1038 1039 1052 1064 1066 1080 1103 1112 1118 1120 1127 1131 1132 1160 1161 1169 1198 1226 1228 1255 1258 1277 1283 1298 1318 1345 1346 1348 1376 1382 1396 1412 1431 1453 1460 1462 1491 1503 1519 1520 1541 1545 1546 1551 1561 1563 1577 1580 1616 1660 1686 1698 1705 1740 1743 1753 1764 1824 1844 1879 1898 1903 1912 1926 1947 1967 1971 1978 1986 1998 2014 2017 2032
equal
10 12 90 168 171 197 256 286 368 415 445 500 513 532 600 633 719 725 756 787 885 938 1039 1052 1080 1095 1124 1127 1157 1196 1317 1382 1409 1442 1462 1545 1554 1609 1617 1651 1694 1817 1881 1901 1906 1915 1921 1954
valid
11 25 66 105 142 195 208 223 231 278 330 332 362 385 489 498 507 540 723 724 744 1012 1059 1129 1292 1337 1527 1549 1587 1600 1730 1742 1754 1897 1999
redistribute
12
characters
12 241 510 516 621 651 725 879 891 894 1022 1118 1169 1220 1295 1298 1317 1482 1713 1764 1847 1851 1881 1972 1979 2011
all
12 24 39 78 118 124 190 253 294 309 323 360 369 372 398 486 510 535 621 636 662 664 698 724 739 755 756 788 884 951 982 1061 1084 1095 1124 1134 1135 1142 1174 1175 1198 1202 1209 1236 1289 1289 1300 1302 1317 1321 1417 1423 1471 1482 1483 1503 1659 1714 1743 1764 1819 1862 1880 1902 1974 1987 1990 2006 2009
strings
12 184 202 229 263 371 421 437 440 450 513 636 700 850 902 1031 1110 1175 1208 1262 1303 1328 1352 1400 1411 1430 1594 1609 1670 1683 1707 1754 1868 1921 1927 2027
moving
13 75
stones
13 75 92 299 301 529 1496
until
13 75
consecutive
13 44 56 75 81 280 510 516 526 530 553 560 684 749 846 1053 1077 1081 1179 1255 1506 1557 1604 1708 1720
course
14 120 142 940 1325
schedule
14 120 752 940 1325
investments
15
2016
15
fizz
16 1575
buzz
16 1575
waiting
17
time
17 29 39 130 169 191 226 356 398 504 588 615 675 679 699 714 755 936 937 981 982 1029 1034 1121 1165 1236 1406 1474 1505 1520 1552 1659 1679 1686 1736 1756 1769 1780 1814 1879 1910
count
18 21 82 89 91 97 98 100 112 114 128 171 217 263 279 300 307 321 324 353 423 450 458 466 518 525 532 545 563 577 580 584 600 610 617 621 643 662 694 724 727 773 829 844 847 856 862 886 939 942 944 988 1018 1020 1027 1040 1150 1159 1160 1212 1216 1262 1311 1315 1370 1400 1413 1416 1484 1503 1536 1547 1555 1566 1573 1614 1652 1670 1692 1701 1707 1717 1724 1815 1862 1906 1965 2008 2010
odd
18 291 467 693 706 1062 1066 1112 1298 1300 1630 1643 1801 1953
numbers
18 24 82 113 117 128 168 280 466 594 601 644 670 701 826 832 842 846 852 862 887 950 1069 1081 1174 1201 1229 1255 1292 1381 1387 1413 1431 1471 1473 1531 1577 1604 1672 1694 1737 1774 1829 1958 1996 2007
an
18 24 118 185 292 314 370 420 424 446 453 461 472 575 578 592 691 857 872 874 925 943 1017 1110 1113 1135 1150 1159 1181 1267 1297 1302 1310 1348 1383 1454 1459 1461 1469 1484 1523 1560 1572 1674 1755 1819 1839 1906 1914 2007
interval
18 435 551 1237 1239 1695
range
18 103 109 294 321 591 594 601 655 659 770 859 1046 1218 1312 1394 1427 1529 1664 1670 1891 1914 2008
online
19 573 810
election
19
probability
20 289 1088 1207
nodes
21 106 114 206 227 253 405 429 580 600 698 804 868 884 904 931 1040 1134 1188 1209 1221 1228 1408 1443 1494 1557 1569 1591 1783 1799
binary
21 37 38 42 46 58 67 69 84 104 135 155 163 165 211 214 221 227 264 282 283 290 298 322 390 407 409 419 431 438 464 468 486 527 528 535 554 564 584 589 614 630 645 656 737 738 768 781 806 817 834 846 868 884 885 913 921 956 965 967 974 993 998 1019 1054 1061 1062 1094 1121 1133 1136 1141 1161 1182 1183 1227 1250 1254 1294 1316 1338 1360 1373 1399 1414 1417 1422 1425 1428 1435 1472 1481 1532 1578 1590 1598 1599 1663 1679 1698 1703 1768 1781 1818 1826 1855 1858 1866 1872 1876 1943 1951 1958 2022
tree
21 37 46 67 69 69 84 104 114 133 135 161 162 170 192 211 214 221 227 237 264 283 290 298 322 390 398 407 419 431 464 468 484 509 527 528 544 554 589 645 695 737 738 778 781 806 817 834 837 838 868 880 881 884 885 921 922 955 965 967 998 1010 1062 1094 1121 1136 1141 1183 1203 1227 1250 1254 1294 1338 1373 1373 1392 1414 1422 1425 1428 1435 1481 1538 1578 1590 1599 1643 1663 1733 1771 1781 1818 1826 1855 1858 1859 1866 1883 1943 1951 2022
reorder
22 820 1423 1968
data
22 189 190 1506 1767
log
22 1130
files
22
asteroid
23
collision
23
find
24 43 68 115 118 124 130 137 142 147 193 200 247 266 323 332 346 382 403 404 435 442 447 484 499 501 514 520 534 543 546 553 561 568 575 582 636 665 686 739 744 750 751 758 764 768 775 828 844 870 894 915 991 993 1000 1015 1030 1078 1093 1115 1127 1135 1174 1189 1204 1211 1217 1221 1236 1297 1302 1332 1339 1344 1373 1404 1425 1438 1444 1453 1469 1506 1532 1572 1577 1582 1589 1590 1591 1596 1619 1648 1650 1672 1675 1713 1728 1733 1743 1746 1749 1819 1859 1919 1955 1980 1986 1990 2009 2014
disappeared
24
triangle
25 175 344 595 1308 1790 1865
circular
26 358 561 614 905 1048 1211 1581 1653 1836 1934
last
27 138 474 687 716 745 823 870 969 1829 1987
stone
27 380 388 653 969 1143 1259 1377 1808 1970
weight
27 802 969
brace
28
expansion
28
exclusive
29
functions
29
maximal
30 60 213 1076
square
30 168 286 297 337 370 449 662 671 798 1012 1018 1337 1996
grumpy
31
bookstore
31
owner
31
eliminate
32
monsters
32
the
33 33 101 110 117 118 137 142 148 167 180 182 193 196 209 219 253 266 267 278 281 281 289 292 294 299 310 318 325 336 357 367 372 374 391 403 421 424 432 442 447 449 486 488 495 501 501 512 520 521 534 546 548 556 561 561 563 568 574 575 582 605 638 643 647 654 665 676 685 686 705 718 720 723 733 750 754 758 764 764 768 775 787 790 800 804 804 823 847 858 860 887 890 895 897 897 913 915 916 944 957 958 963 971 977 979 980 987 990 1000 1015 1030 1034 1071 1072 1091 1095 1097 1126 1164 1174 1175 1184 1204 1205 1211 1211 1213 1221 1224 1262 1264 1270 1272 1280 1284 1285 1304 1330 1332 1339 1339 1347 1370 1394 1404 1404 1423 1426 1443 1453 1460 1461 1464 1469 1509 1523 1547 1572 1573 1576 1582 1592 1596 1613 1619 1624 1667 1670 1672 1676 1687 1693 1715 1724 1725 1746 1750 1776 1829 1837 1841 1851 1851 1856 1872 1888 1919 1942 1942 1945 1949 1965 1967 1977 1978 1983 2003 2026 2030 2034
employee
33 130 182 971 1534 1759 1761
that
33 110 171 346 449 553 572 617 677 832 894 944 1000 1106 1137 1298 1328 1339 1346 1373 1452 1678 1701 2003
worked
33
on
33 161 210 226 331 731 927 981 1323 1413 1450 1527 1561 1614 1666 1786 1898 1907 1914 1955
longest
33 44 61 66 115 142 212 260 272 370 381 433 459 463 551 664 674 702 735 768 801 896 926 928 933 994 1015 1022 1023 1035 1085 1091 1116 1117 1149 1169 1250 1374 1462 1515 1542 1553 1669 1729 1758 1775 1787 1844 1860 1904 1966 2002 2017
task
33 631 761
subsequences
34 110 399 711 875 988 1027 1070 1155 1179 1199 1405 1649 1718 1815
serialize
35
and
35 124 139 186 189 200 203 264 293 324 327 335 407 473 475 484 493 527 529 532 548 558 594 599 634 673 688 693 707 724 734 744 769 815 870 879 907 1052 1055 1092 1097 1111 1111 1146 1165 1176 1187 1216 1221 1244 1249 1286 1287 1315 1350 1408 1436 1444 1461 1471 1474 1505 1520 1552 1554 1560 1584 1601 1603 1613 1640 1789 1879 1901 1906 1932 1953 1963 2017 2029
deserialize
35
bst
35 106 109 211 392 482 820 869 1269 1437 1771
distinct
36 129 241 289 383 577 686 711 725 875 935 1017 1413 1847
prime
36 438 601 1096 1253 1521 1638 1765 1971
factors
36 155 586 1971
product
36 168 183 275 298 314 424 659 705 730 773 903 1197 1229 1258 1277 1394 1405 1426 1434 1461 1537 1773 1829 1834 1933
coloring
37 1513
game
37 249 259 379 380 388 406 427 561 575 616 653 680 733 814 888 961 1008 1143 1144 1211 1259 1271 1349 1371 1377 1384 1514 1762 1808 1851 1923 1955 1970 1976
disconnect
38 343
matrix
38 76 82 174 262 266 336 393 409 456 656 661 744 855 979 1028 1066 1109 1128 1163 1331 1336 1342 1343 1388 1434 1477 1516 1585 1598 1703 1703 1732 1774 1793 1837 1860 1890 1925
by
38 65 130 153 167 224 235 250 290 415 421 439 460 574 587 596 603 607 617 630 832 894 909 942 1024 1025 1192 1196 1232 1249 1276 1285 1293 1357 1406 1420 1477 1606 1629 1634 1636 1669 1712 1732 1751 1778 1782 1956 1977 2011
at
38 58 142 327 354 378 663 701 731 764 841 936 962 981 1033 1169 1412 1587 1588 1635 1714 1834
most
38 58 92 346 453 701 731 790 860 934 1033 1203 1238 1412 1571 1623 1702 1721 1845 1919 1934
one
38 58 121 225 318 340 617 710 891 1116 1160 1357 1360 1448 1551 1587 1609 1883 1889
flip
38 42 67 256 728 1343
remove
39 45 206 299 318 490 669 708 726 760 780 785 800 861 995 1084 1142 1199 1202 1274 1557 1579 1645 1772 1779 1886 1897 1952
cars
39 615
containing
39 430 1015 1482
illegal
39
goods
39
zigzag
40 274 1136 1250 1781
conversion
40
minimize
41 196 205 299 611 897 989 1097 1164 1291 1950 2033
malware
41 2033
spread
41 2033
equivalent
42 437 772 1639 1723
trees
42 72 155 956 974 983 1061 1417 1441 1768
n
43 163 504 637 685 688 701 1175 1190 1286 1401 1800 1828
integers
43 121 143 167 294 300 361 432 545 553 560 577 610 765 1089 1166 1367 1491 1506 1529 1662 1977 1997
up
43 1346 1720
zero
43 121 158 525 706 815 1052 1095 1196 1423 1557 1559 1703
sequence
44 201 320 365 723 941 1270 1478 1730
outermost
45
cousins
46 1818
bulb
47 194
switcher
47 194
incremental
48
memory
48 79
leak
48
reverse
49 59 284 577 667 779 827 836 854 1055 1062 1114 1186 1188 1234 1375 1432 1637 1685 1799 1984
pairs
49 124 185 196 224 310 321 373 385 429 450 505 541 580 634 643 829 893 942 980 1101 1159 1324 1537 1569 1639 1849 1867 1874 1901 1906 1912 1956 1986
call
50 225
function
50 207 225 451 499 670 1082 1223 1835
custom
50 1854
context
50
expressive
51
words
51 87 189 250 258 443 498 549 550 667 886 892 894 1067 1103 1160 1180 1198 1234 1241 1313 1385 1533 1669 1797
clumsy
52
factorial
52 207 1991
divisors
53 108 119 1871
ways
54 77 168 303 354 448 712 736 773 774 820 882 1069 1150 1190 1318 1392 1400 1488 1500 1608 1668 1676 1692 1704 1887
split
54 127 143 365 371 488 736 822 857 882 916 1179 1305 1411 1500 1511 1907
shifting
55 777
letters
55 164 250 284 490 777
floors
56 56 688
without
56 560 831 1022
special
56 150 300 458 524 656 679 851 988 1039 1399
strange
57 570
printer
57 570
check
58 160 164 208 223 278 294 437 465 532 535 540 772 834 901 1110 1286 1289 1317 1330 1385 1471 1609 1714 1770 1789 1792 1802 1812 1821 1928 1956 1962 1999 2018 2032
if
58 160 208 223 278 294 465 532 535 540 772 901 991 1110 1286 1289 1303 1317 1330 1385 1471 1609 1711 1714 1770 1789 1792 1821 1928 1937 1956 1962 1999 2018 2032
has
58 532 790 1000
segment
58 1014
ones
58 560 662 1053 1077 1111 1146 1283 1503 1708 1748
network
60 492 714 932 2016
rank
60 236 592 1585 1615 1782
word
61 136 239 357 423 540 598 668 679 687 793 818 854 896 1007 1185 1193 1245 1328 1385 1623 1665 1928 1928 1933
dictionary
61 896 1067 1181 1195 1488
possible
62 285 731 1040 1417 1862 1944 2009
bipartition
62
compression
63 1804
making
64 1848
large
64 131 1016 1948
island
64 343 877 1152
rows
65 256 266 979
covered
65 294 708 1636
columns
65 256 341 1204 1476 1959
match
67 552 1612
preorder
67 264 407 738 778 922 965 1141
traversal
67 133 221 264 407 509 519 527 528 778 806 922 965 1136 1141 1254 1943
smallest
68 123 203 253 265 266 281 315 334 404 421 482 495 512 568 627 655 764 859 978 1072 1075 1096 1123 1128 1362 1382 1427 1457 1493 1570 1580 1616 1629 1660 1723 1847 1863 1882 1971 1986
letter
68 886 1100 1257 1465 1579 1669 1810 1822
than
68 156 183 286 815 849 887 1039 1098 1230 1462 1554 1748
target
68 70 78 173 325 491 499 538 557 670 900 1064 1097 1137 1295 1346 1488 1650 1653 1658 1666 1945 1998 2014
search
69 84 135 135 189 239 431 464 645 668 737 812 868 955 965 974 1019 1061 1163 1296 1336 1425 1436 1479 1578 1768 1826 1855 1951 2019
moves
70 90 122 203 491 538 1395 1442 1626 1739
reach
70 77 313 512 538 704 784 1209 1780 1899
rotations
70 633
total
71 130 224 271 299 590 696 897 1499 1546 1566 1842 1885
cost
71 102 137 150 244 410 426 588 649 695 857 866 908 938 985 1280 1496 1509 1587 1687 1753 1780 1885 1902
arrays
71 171 197 396 415 442 534 602 641 772 909 924 946 1164 1362 1558
unequal
71 1168
cut
72 244 607
off
72
for
72 256 278 356 498 531 633 794 908 1053 1121 1238 1495 1544 1683 1730 1759 1775 1856 1868 1869 1920 1980 1982 2026
golf
72
event
72 1355
insertion
73 1145 1147
steps
73 77 158 184 902 1033 1153 1360 1676
palindrome
73 122 123 231 275 311 371 620 789 845 1063 1129 1172 1352 1393 1398 1553 1669 1718 1746 1765 1849 1924 2002 2004
after
76 77 80 139 199 205 213 270 334 425 540 577 599 627 709 731 781 826 862 886 1014 1033 1054 1116 1145 1189 1401 1492 1650 1662 1676 1689 1699 1700 1719 1727 1819 1828 1936 1971 2031
flipping
76 420 1976
position
77 142 199 812 870 1509 1920
exactly
77 193 479
from
78 138 152 206 264 301 310 401 407 443 527 583 628 655 669 695 718 726 767 778 785 800 817 843 941 965 966 1016 1043 1094 1123 1187 1273 1274 1348 1362 1393 1506 1529 1557 1583 1645 1663 1691 1718 1755 1777 1875 1882 1886 1944 1963 1975 2009 2012
source
78
design
79 189 251 351 533 566 569 609 786 795 797 803 839 905 976 1044 1087 1223 1267 1565 1581 1973
allocator
79
bigram
80
splitting
81 1492 1689
descending
81
values
81 152 292 684 695 909 1066 1109 1192 1412 1419
negative
82 677 1216 1434
money
83 146 1233
required
83
before
83 1289 1987
transactions
83 269 612 743
validate
84 188 227 1794
twin
85
operations
86 101 121 148 161 197 205 213 290 334 384 445 457 461 492 500 513 525 577 605 627 641 756 787 872 943 951 1124 1401 1455 1546 1559 1637 2012 2032
convert
86 432 446 464 521 1057 1703 1739 1771 1813 1855 1876 1936
replace
87 182 200 510 950 1339 1444 1454 1561 1764 1856
repeated
88 552 697 1278 1431 1775 2023
dna
88
sequences
88 188 757 1547
nice
89 119 1159 1542 1787
subarrays
89 91 279 315 383 415 460 480 537 765 799 847 882 900 1038 1080 1083 1127 1300 1351 1370 1545 1666 1698
elements
90 270 274 314 324 324 439 479 514 523 603 655 719 756 787 799 853 995 1003 1039 1061 1079 1097 1124 1273 1426 1442 1454 1561 1590 1727 1819 1978
fixed
91
bounds
91
removed
92 497
same
92 164 237 289 804 820 822 1000 1132 1255 1258 1509 1676 1889 1978
row
92 452 633 722 744 1111 1194 1283 1471 1733 1883 1901
or
92 286 315 441 452 690 831 1000 1039 1182 1409 1462 1507 1554 1889 1938 2023
column
92 234 452 744 1021 1111 1471 1901
bricks
93
when
93
hit
93
sequential
94 1850
digits
94 181 356 466 731 760 944 1043 1346 1406 1431 1461 1523 1577 1647 1689 1764 1929 1936
base
96 1457 1647 1813 1892
7
96
days
97 343 740 833 1178 1596 1800 1828 2026
spent
97 130
together
97 2006
anagrams
98 323 1189 1734
unhappy
100
friends
100 596 783 790
frequency
103 179 421 496 598 860 1530 1579 1606 1954 2011
queries
103 210 659 707 709 766 781 826 838 868 1747 1777 1827 1898 2000
kth
104 266 482 512 578 685 689 880 993 1017 1128 1285 1404 1493 1570 1622 1749
largest
104 111 152 175 176 203 245 275 338 356 412 423 449 454 520 565 578 587 595 613 671 677 723 798 805 815 841 1109 1184 1305 1311 1346 1404 1574 1594 1597 1622 1700 1733 1749 1801 1881 1993
mountain
105 629 674 1093 1364
distance
106 205 220 271 352 395 404 456 534 590 764 818 884 1020 1249 1365 1419 1535 1653 1945
between
106 164 203 352 430 515 534 740 825 892 931 1020 1079 1097 1111 1221 1244 1287 1340 1379 1419 1537 1560 1584 1685 1857 1881
permutation
107 218 320 353 457 511 614 953 1551 1691 1810 1898
satisfy
110 891
given
110 325 356 378 523 553 568 621 682 694 701 744 828 936 1013 1103 1110 1374 1488 1580 1591 1675 1834 1903 1942 1980 2009
condition
110 1824
plus
111 340
sign
111 424 603
triplets
112 171 173 347 1168 1484
root
113 405 1040 1958
leaf
113 405 695 1123 1569 1958
complete
114 563 589 755 1029
awesome
115
substring
115 137 375 381 508 565 664 682 697 716 768 828 1015 1022 1091 1169 1198 1202 1393 1618 1700 1747 1775 1787 1856 1881 1966 2032
heaters
116
sort
117 167 290 691 796 895 914 1147 1276 1285 1293 1383 1606 1712 1722 1776 1820 1837 1854 1953 1977 2011 2032
jumbled
117
prefixes
118 694
maximize
119 395 425 827 925 957 966 1050 1401 1485 1718 1886
iv
120 387 653 791 869 1107 1144 1552 1641 1762 1924
bit
121 749 993
lexicographically
123 334 723 1072 1723 1863
xor
124 171 321 611 616 692 775 1095 1348 1459 1483 1558 1747 1749 1827 1869 1880 2007
bitwise
124 315 513 594 692 815 1052 1351 1880 2017
absolute
125 149 562 801 1269 1462 1556 1946 2000
difference
125 159 196 203 270 467 571 572 665 686 1097 1111 1244 1269 1287 1374 1537 1556 1560 1584 1755 1756 1778 2000
random
126 802 816 964 1139 1343 1403 2015
pick
126 802 1403 1720
blacklist
126
averages
129 1065 1574
each
130 142 498 712 721 951 959 971 1045 1187 1194 1232 1238 1239 1685 1733 1759 1869 2014
positions
131 656
groups
131 229 261 363 649 739 1188 1208 1276 1443 1451 1656 1960 1989
implement
132 233 618 1195 1378
queue
132 742 905 1024 1044 1148
using
132 233 618 625 679 818 1072 1889
stacks
132 476
n-ary
133 509 544 922
level
133 290 1136 1183 1254 1943
order
133 273 325 456 567 664 716 806 955 978 1136 1254 1463 1807 1943
lower
134 441 1507
case
134 1810
shortest
136 350 403 497 585 639 698 789 795 962 1138 1321 1535 1598 1653 1705 1825
completing
136
restricted
138 1424
first
138 372 452 501 750 870 1125 1252 1822
element
139 147 318 387 482 573 578 860 861 870 947 1045 1116 1128 1230 1256 1279 1348 1380 1438 1560 1561 1567 1622 1721 1830 1930 1945
decreasing
139 660
rearranging
139 1682
optimal
140 411
percentage
141 707 1257
users
141 332 977
attended
141 1452 1678
contest
141
obstacle
142 784
positive
143 677 689 1025 1216 1252 1277 1980
even
143 291 545 644 693 706 826 832 1015 1075 1134 1188 1577 1630 1643 1721 1953
combination
144 622 815 1480 1544 1641
student
145 1339 1816
attendance
145 1816
record
145 1816
calculate
146 524 1769
leetcode
146
bank
146 1596 1741 1833
peak
147 1364 1438 2025
k-increasing
148
differences
149 1255 2029
roads
150 1499
lines
151 1633 1803
write
151
labels
152 883
greatest
153 202 1194 1344 1561 1967
divisible
153 224 235 245 630 799 832 942 1477 1629 1634 1906 1956
climbing
154 426
stairs
154 426
classes
156
more
156 1098 1230 1889 2023
5
156 630 663
students
156 335 494 936 1285 1688 1895
parse
157
lisp
157
expression
157 683 1177 1687 1946
reduce
158 943 1360 1559 1592 1805
point
160 816 1000 2015
is
160 168 208 223 278 287 465 540 572 869 878 917 1316 1330 1477 1672 1770 1789 1792 1821 1962 2032
reachable
160 904 1783
subtree
162 253 600 781 1845
another
162 287 460 1094 2018
substrings
163 241 309 311 319 583 584 617 621 705 788 864 916 935 1242 1328 1412 1475 1482 1519 1536 1555 1685 1719 1817
representing
163
1
163 756 1486 1977
distances
164 170 1796
watch
165
merge
166 173 850 909 931 956 1049 1214 1379 1437 1449 1496 1594 1646 1823
intervals
166 610 708 1079 1661 1767 1791 1989
power
167 339 481 945 1610 1684
value
167 203 306 378 495 499 532 534 805 827 828 832 874 992 1025 1030 1132 1145 1194 1382 1421 1580 1687 1733 1749 1859 1903 1946 1971
where
168 193 372 474 548 1693
two
168 171 184 289 314 371 394 415 430 432 437 439 442 443 480 481 534 602 649 705 740 759 772 818 825 842 869 878 902 909 924 946 956 966 1049 1061 1067 1110 1131 1164 1166 1182 1192 1200 1246 1303 1320 1340 1362 1367 1385 1405 1531 1537 1558 1588 1591 1594 1669 1683 1737 1754 1868 1881 1918 1937 2007 2014
amount
169 1121
collect
169 398 837 1917
garbage
169
can
171 193 366 449 474 550 684 843 894 941 1106 1240 1263 1393 1452 1609 1678 1696 1732 1739 1755 1786 1875 1899 1982 1999 2003 2018
form
171 173 449 460 523 1346 1362 1488 1666
contain
172
virus
172
triplet
173 732
spiral
174 262 393
area
175 288 430 599 672 763 1152 1282 1508 1512
second
176 1294 1726
digit
176 532 532 545 701 871 1362 1448 1560 1689 1778 1886 1969
summary
177 1741
ranges
177 1692 1707 1908
department
178 471 1468 1759
top
178 434 1003 1533 1688
salaries
178
stack
179 188 461 618 839 996
monotone
181 728
increasing
181 318 567 605 660 728 732 735 757 926 955 1212 1335 1606 1729 1860
id
182
identifier
182
less
183 286 1462
anagram
184 902 1600
k-diff
185
snakes
186
ladders
186
project
187
employees
187 720 867 971 982 1098 1439
add
189 282 303 312 362 523 1134 1346 1429 1531 1737 1883 2027
structure
189 190
o`one
190
promise
191
limit
191 376 1026 1462 1686 1907
build
193 461 661 1150 1400 1691
you
193 219 366 372 474 550 684 843 1263 1755 1786 1875 1899 1982
comparisons
193
clock
195 515
times
195 327 1316 1889 2023
frog
198 199 539
jump
198 249 379 406 427 539 1514 1630 1762 1923
t
199
seconds
199
pattern
200 697 1268 2023
generate
201 816 1298 1681
fibonacci
201 365 1149 1498 1672
common
202 276 350 442 586 587 702 933 998 1085 1160 1344 1421 1623 1713 1951
divisor
202 568 1344 1371
multiples
204
hamming
205 220 590
swap
205 429 536 997 1006 1290 1551 1609 1775
preimage
207
size
207 241 363 535 587 947 1115 1554 1588 1592 1795 1942
zeroes
207 1146 1342 1991
there
208 223 278
nesting
209 747 1754
depth
209 283 544 1599 1754
inside
210 358
circle
210 769 816 1105 1548
univalue
212
applying
213 334
diameter
214
basic
215 791 1568
calculator
215 791 795 1099 1568
rotting
216
oranges
216 1800
meals
217
full
219 285 623 1417 1541
rounds
219 548
have
219 372 1298 1317 1937
played
219
inorder
221 407 527
incompatibility
222
grid
223 348 369 485 564 652 657 866 937 963 1050 1104 1170 1190 1204 1281 1395 1587 1705 1777 1911 1926 1965
songs
224
durations
224
60
224
allow
225
speed
226
arrive
226 354 981
rectangle
228 613 672 763 769 849 1076 1282 1460 1508 1838 1983
overlap
228 1806
cinema
230
seat
230 1068 1088
allocation
230
third
232
rand10()
233
rand7()
233
excel
234 1021 1914
sheet
234 1021 1914
title
234 638
sums
235 270 485 744 1064 1218 1617 1675 1986
sequentially
236
ordinal
236
tracker
236 496
degree
238 1674
connected
238 492
trio
238
graph
238 359 360 795 805 991 1154 1217 1353 1445 1706 1772 1783 1825 1904
chunk
240
n-queens
242 635
email
243
addresses
243 898
stick
244
subset
245 287 1483 1651 1675
building
246 678 1738 1899
h2o
246
rotated
247 1078 1479 1789 1929 2019
super
248 1037 1219 1605 1632
palindromes
248
formed
250 894
parking
251
system
251 351 786 792 976 1296 1648
deepest
253 276 999
achievable
254
transfer
254
requests
254 346 790 1424
contains
255 535 821 1235 1471
duplicate
255 381 413 490 543 792 821 1235 1648 1654 1677
iii
255 328 388 393 417 477 667 940 1042 1108 1165 1172 1210 1446 1466 1476 1480 1567 1708 1773 1873 1923
self
257 862 1197 1201
crossing
257 1361
morse
258
code
258 1356
zuma
259
ideal
260
getting
261
fresh
261
donuts
261
vowel
263 1322 1536 1670 1707
construct
264 376 407 527 723 965 1010 1064 1352 1663 1882 1983
postorder
264 509 527 528
sufficient
265
team
265 1396 1752
sorting
267 555 1650
sentence
267 606 1048 1210 1313 1330 1928
sudoku
268 1549
solver
268
customer
269 1074 1184 1589
who
269 273 327 790 1974
visited
269 1170 1934
but
269
did
269
not
269 287 719 1900
any
269 562 953 1215 1928
removal
270 781 784
traveled
271
harmonious
272
customers
273 1974
never
273
decrease
274
lowest
276 998 1287 1951
ancestor
276 880 998 1584 1951
leaves
276 999 1562 1903
simplified
277
fractions
277
median
279 924 1489
unoccupied
281
chair
281
only
284 1519
earliest
285 548
day
285 372 474 987 1071
bloom
285 623
side
286 1227 1561
length
286 383 520 682 687 705 838 1091 1118 1149 1175 1188 1277 1278 1300 1433 1699 1714 1718 1719 2001 2023
threshold
286 359 568 764 1554
people
287 331 502 593 895 1148 1743 1766 1942
whose
287 720 1477 1672
favorite
287 1786 1786
companies
287
surface
288
3d
288 1512
shapes
288 1512
boxes
289 678 780 1875 1975
having
289
balls
289 825 951 1026 1840 1988
strongest
292
loud
293
rich
293
are
294 437 772 832 887 1303 1711 1714 1956
knight
295 1207 1812
dialer
295
article
296
views
296
determine
297 733 1303 1711 1732 1937
color
297 805 1978
chessboard
297 1207 1354 1527
splitted
298
removing
301 583 767 1156 1189 1719 1727 1963
single
302 1358 1407 1437 1930
different
303 399 712 765 1027 1131 1926 1997
assign
304 366
cookies
304
smooth
305
descent
305
periods
305
stock
305 810 1165 1474 1505 1520 1552 1879
erasure
306
teams
307 1157 1782
profit
308 972 1702
job
308 752
scheduling
308 1200
beauty
309 713
restore
310 898 1725
adjacent
310 512 536 731 1053 1084 1142 1563 1978
non-overlapping
311 480 900 1083 1320 1475 1657 1661 2014 2015
array-form
312
integer
312 329 432 582 627 677 731 943 954 1036 1206 1216 1216 1297 1346 1404 1461 1572 1583 1629 1631 1744 1755 1876 1892 1980 1984
concatenation
316 846 1030 1198 1802
champagne
317
tower
317
strictly
318 324 648 1335
palindromic
319 648 705 750 928 1027 1199 1597 1649 1815 1966
balanced
322 768 1299 1304 1411 1856
smaller
324 862 887
create
325 817 1132 1410 1437 1501 1835
fraction
326 558 1096
recurring
326
decimal
326
actors
327
directors
327
cooperated
327
least
327 663 715 841 962 1169 1587 1588 1662 1714
my
328 1051 1878
calendar
328 1051 1878
addition
329 558 1046
beautiful
329 333 626 1213 1238 1370 1627 1863 1922
parenthesis
330
based
331 675 1907
statements
331
e-mails
332
arrangement
333 385 1627
examinations
335
reshape
336
matchsticks
337
four
339 1689 1871
delete
341 392 475 792 1194 1333 1408 1476 1620 1654 1683 1832 1868 1903 1949 1959 1979
pizza
342 448
3n
342
slices
342 632 970
pascal's
344 1790
watering
345 1265
plants
345 1265
servers
346 625 1701
handled
346
arithmetic
347 537 632 941 952 970 1374 1758
detect
348 848 2023
cycles
348
2d
348 446 909 1163 1281 1336 1664
finding
349 644 977 1912
mk
349
supersequence
350
food
351 753 1314 1464
rating
351 1522
bus
352 823 1905
stops
352 1001 1167
vowels
353 664 682 779 788 1015
destination
354 986 1780
satisfiability
355
equality
355
equations
355
guess
357 441 1507
darts
358
dartboard
358
connectivity
359
ancestors
360
directed
360 805
acyclic
360
powerful
361
divide
363 944 1157 1367 1443 1548 1604 1887 1989
nth
364 785 871 993 1368
highest
364 471 486 758 1287 1616 1726 1891 1947 2025
salary
364 471 856 1006 1613 1613 1726
tasks
366 625 754 755 776
escape
367 958 1948
spreading
367
fire
367
subsets
368 824 858 1213 1245 1307 1724
execution
369
suffix
369 717 1436
instructions
369 1493 1501
staying
369
streak
370
been
372
rooms
372 1150 1466 1601
floored
373
pass
374 920
pillow
374
repeat
376
shopping
377
offers
377
index
378 382 501 546 1246 1364 1382 1403 1635
bounded
378 1038 1105
v
379 380
pivot
382 582 1013
visible
386 1148 1318
relative
389 796
ranks
389
univalued
390
reformat
391 640 1468 1884
intersection
394 602 946 1588
lists
394 655 1049 1214 1246 1379
person
395 823 1288
squareful
396
closed
397
islands
397 444 1652
apples
398 1917 2005
gcds
399
permutations
400 1730 1941
space
401 1546
wasted
401 1546
packaging
401
complex
402
multiplication
402 1570 2012
superstring
403
k-th
404 978 1096 1175 1402
pair
404 1291 1301 1419 1433 1685
insufficient
405
vi
406 1259
trapping
408 1005
rain
408 1005
water
408 487 650 934 1005 1350 1710 1788
reconstruct
409 1043 1392 1985
2-row
409
dessert
410
division
411 1798
multiple
412 1064 1075
zeros
413 931 1111 1748
room
414 619
reversing
415
counter
416 918
ugly
417 1605
strong
418 771
password
418 771
checker
418 771 1470
cameras
419
image
420 1806 1864 1940
compare
421 1381 1611
character
421 433 617 1125 1187 1326 1535 1775
wiggle
422 914
sender
423
negations
425
min
426 961 996 1902
vii
427 1143
widest
430
vertical
430 599 806
no
430 748 849 1396 1563
recover
431 778 1264
no-zero
432
repeating
433 508 510 1022 1089 1169
replacement
433 1744
travellers
434
right
435 721 959 1187 1227 1561 2029
adding
436 842 886
spaces
436 892
whether
437 1732
almost
437
set
438 588 701 960 1342 1588
bits
438 693 911 1161 1432 1486 1977
representation
438 614 1360
changing
439 1755
multiply
440
higher
441 1507
prefix
442 463 630 775 854 933 994 1103 1436 1485 1770 1927 1928
uncommon
443 459 1035
sentences
443 1180
conditions
446 661 891
town
447
judge
447
cutting
448
rectangles
449 2015
similar
450 641 1646 1656 1699
composition
451
completely
452
painted
452
frequent
453 860 1003 1533 1721 1845
following
453
key
453 503 1173 1898
submatrix
454
rearrangements
454
walking
455 1843
robot
455 866 1072 1105 1843 1992
simulation
455 1359 1843
cells
456 1066 1170 1566 1828 1914 1965
reinitialize
457
quadruplets
458 1212
concatenating
460 1669
daily
462 473
temperatures
462
happy
463 968 1023 1175
powers
465 659
flatten
468 819 873 1913
boomerangs
469
fruit
470
baskets
470
defanging
472
ip
472 898 1794
address
472 1794
leads
473
partners
473
still
474
cross
474 1814
earn
475 1704
dinner
476
plate
476
paint
477 1190
house
477 1090 1107 1327 1873
single-threaded
478
cpu
478
widths
483
critical
484 1221 2016
pseudo-critical
484
edges
484 1134 1772
spanning
484
get
485 526 596 808 820 1025 1263 1321 1715 1755 1817 1875
biggest
485 1358
rhombus
485
divisions
486
swim
487
rising
487 646
coprime
488
products
488 574 734 890 1215 1939 1974
additions
489
move
491 951 1509 1527 1821
box
491 951 1564 1624 1988
their
491 1098 1285
location
491
global
493
local
493 1109
inversions
493
taking
494
exam
494 619
rearranged
495
be
497 894 1106 1121 1439 1452 1678 1732 1999
puzzle
498 952 1550
mysterious
499
occurrence
501 1160
teach
502
license
503
formatting
503
running
504 1447
computers
504
freedom
506
trail
506
tic-tac-toe
507
state
507
?'s
510
avoid
510 676
decode
511 774 907 948 1073 1126 1668
xored
511 948
swaps
512 564 731 757 1053 1304 1660 1872 1921 2006
apply
513 637 872 1045 1222
angle
515
hands
515 1341
masking
517
personal
517
information
517 867
texts
518
snail
519
temperature
521 646
reaching
522
bonus
524 1534
obtain
525 843
recolors
526
black
526
blocks
526
jewels
529
odds
530
penalty
531
shop
531 851
skiplist
533
codes
535
lr
536
substitutions
540
satisfying
541
inequality
541
4sum
542 1607
subtrees
543 1020
middle
546 654 1044 1949
ambiguous
547
coordinates
547
latest
548 1115 1406 1888
players
548 1157 1226
compete
548
print
549 706 912 1072 1807 1866
vertically
549
type
550 679 818
well-performing
551
pancake
555
cracking
556
safe
556 751
mutated
557
subtraction
558 1521
empty
559
non-negative
560 627
losers
561
components
563 865 1132
arrange
564
variance
565
bitset
566
reveal
567
cards
567 843 1720 1757
browser
569
history
569
genetic
571 1140
query
571 591 1238 1239 1312 1664 1869
such
572
majority
573 1256 1830
group
574 1115 1311 1420 1692 1734 1942 1942 2006
sold
574
date
574 1834 1884
winner
575 647 733 1211 1955
interleaving
576
long
579 1887
pressed
579
name
579
memoize
581 2013
bridge
585 1814
component
587
factor
587 685
cooking
588
inserter
589
-
591 869 878 970 1312 1620 1664
mutable
591
transform
592 1045 1354 1585
distribute
593 1089 1231 1233 1481
candies
593 1231 1753 1875 1967
perimeter
595 877 1917
watched
596
videos
596
your
596 1786 1786
nested
597 819 873
generator
597
piece
599
cake
599
horizontal
599
cuts
599 1548
rearrange
603 892 1295 1313 1318 1485 1679 1939
hours
604
training
604
win
604 966 1240
competition
604 1451
truncate
606
regions
607 1784
slashes
607
balloons
608 813 1642
authentication
609
manager
609 720 1068
invalid
612 1540 1779
histogram
613
repair
615
chalkboard
616
differ
617
queues
618
flowers
623 1696
ipo
624
process
625 699 1424
partitions
626 1870
missing
627 689 867 1252
nearest
628 1000
exit
628
entrance
628
maze
628 1948
removals
629 1014 1662
scheduler
631 761
domino
633 1092 1639
successful
634
spells
634
potions
634
discount
637 851 1222 1753
every
637 1471
orders
637 753 1184 2034
capitalize
638
colors
639 1131 1820 1926
phone
640 1292 1465
thousand
642
separator
642
fair
643 1290 1608
3-digit
644
trim
645
predict
647
connect
649 1902
bottles
650
append
651 1491
illumination
652
covering
655
fish
657
69
658
submatrices
662 1137 1357 1503
managers
663 1098
direct
663
reports
663
wrapper
666
duplicates
669 726 1084 1142 1274 1302 1620 1645
calls
670 1896
1-bordered
671
key-value
675
store
675 1215
flood
676 703
city
676 764 957 986 1200 1423 1625
exists
677 991 1110
its
677 1055 1286
typewriter
679
elimination
680 1705
human
681
traffic
681
stadium
681
parsing
683
boolean
683
egg
688 1219
drop
688 1219
2
688 945 1916
eggs
688
gcd
691 1080
neighboring
692
appeal
696
visiting
698 1659
per
699 1530
machine
699
buddy
700
subpath
702
fill
703
jumps
704 1275
home
704
quality
707 932 1445
handling
709
update
709
deletion
710
wear
712
hats
712
other
712
sliding
713 807 1489 1550
delay
714
operators
715
express
715
lexicographical
716 978 1175 1387
flips
717 749 913 1409 1703
take
718 1187
gifts
718
richest
718 1074
pile
718
neighbors
719 764
left
720 1187 1562 1859 2029
company
720
populating
721 959
pointers
721 959
keyboard
722 1916
pickup
724 1309 1525
delivery
724 1314
options
724
items
727 990 1276 1646 1891
matching
727 984 1009 1070 1177 1226 1310
rule
727
destroying
729
asteroids
729
bowling
733
recyclable
734
low
734
fat
734
iterator
737 819 1497 1544
verify
738
serialization
738
farmland
739
dates
740
orderly
742
monthly
743
prototype
745
race
746 1034
car
746 899 1011 1319
burgers
748
waste
748
ingredients
748
eventual
751
states
751
difficulty
752
display
753
table
753 1225 1468 1570 1939
restaurant
753 1760
work
754 1702 1982
sessions
754
finish
754 776 1034 1236
altitude
758
combine
759
tables
759
equals
762 900 1385
subrectangle
766
stars
767
overlapping
769 1692
module
770
original
775 1043 1110 1264
initial
776
energy
776
height
781 1024 1441 1470 1738 1751
coin
782 1846
change
782 891 1054 1687 1846 1994
appropriate
783
ages
783
corner
784
end
785
movie
786 1522
rental
786
reduction
787
friend
790 1424
ii:
790
folders
792
ladder
793 1193
hashset
797
magic
798 1156 1195 1911
sub-folders
800
filesystem
800
file
801 1467 1648 1848
sub-tree
804
label
804
window
807 1489 1618
generated
808
lru
809
cache
809 1686 1785
span
810
increment
811 839 1357
insert
812 1237 1333 1620 1826
burst
813 1642
play
814 1144
analysis
814 903 1108 1144 1709 1773
descriptions
817
fingers
818
fit
823
magnetic
825
force
825
hash
828
bad
829
music
830
playlists
830
aaa
831
bbb
831
capacity
833 1541
ship
833
packages
833
within
833 1067 1167 1456 1817 1891
d
833
completeness
834
alphabet
835 1583
board
835 910 1413
coins
837 1263 1481 1745
cycle
838 1415 1825 1853 1904
operation
839 1459 1521 1683
text
840 1087
justification
840
twice
841 1822
others
841
negabinary
842
followers
844
partitioning
845 852 1063 1172 1924
capital
848 1251 1280
larger
849
alternately
850 912
final
851 1687
prices
851 1222
deci-binary
852
01
855
categories
856
soup
863
servings
863
wonderful
864
homecoming
866
input
869 878
deeply
873
combinations
876 1465 1527
1-bit
879
2-bit
879
symmetric
881
costs
885
obtained
886 953 1732
how
887
many
887
current
887
baseball
888
selling
889
price
889 897 1244 1249 1834 1891
ordered
890 1267
period
890 1889
inverse
893
through
896 1501 1802
deleting
896 1116 1699
trips
897 1029
fleet
899 1319
object
901
instance
901
class
901
sales
903 1108 1288 1773
restrictions
904
out
906 1987
boundary
906
encode
907
tinyurl
907
tickets
908 1736 1960
summing
909
battleships
910
counting
911 1103
foobar
912
divisibility
915 1332
redundant
919 1716
connection
919 1716
ratio
920
tilt
921
distant
923
barcodes
923
greatness
925
line
927 973 1633 1657 1792
width
929 1204 1422
ramp
929
non-decreasing
930 1153 1155
coordinate
932 1000 1749
container
934
echo
935
doing
936
homework
936
visit
937 1717
cell
937
primes
939
progression
941
0
943
reordered
945
n-repeated
947
2n
947
3sum
949 1621 1740
non-coprime
950
verbal
952
break
954 1007 1185 1398 2018
powered
957
ghosts
958
mismatch
960
stamping
963 1270
copy
964
pointer
964
segments
966 1095 1586 1657 1748
which
971 1982
report
971 1280
operating
972
centennial
972
wheel
972
tenth
973
profitable
975 1203
schemes
975
underground
976
active
977
minutes
977
weakest
979
evaluate
980 1114 1798
bracket
980
skips
981
meeting
981 1439 1466
needed
982 1679 1736
inform
982
leaf-similar
983
camelcase
984
hire
985 1885
workers
985 1885
week
987
equation
992 1347 1980
uploaded
994
x
1000 1039 1039 1559 1757
y
1000
refueling
1001
throne
1002
inheritance
1002
rabbits
1004
forest
1004 1408
24
1008
wildcard
1009
quad
1010
pooling
1011
perfect
1012 1363 1838
according
1013 1564
counts
1015 1298 1530
statistics
1016
sample
1016
triples
1018 1052
cities
1020 1340
reconstruction
1024
step
1025 1025
bag
1026 1490
k-similar
1031
fruits
1033 1682
harvested
1033
roman
1036 1206
washing
1037
machines
1037
hand
1041
straights
1041
english
1043
front
1044
back
1044
over
1045
mirror
1047
reflection
1047
happiness
1050
population
1056
year
1056 1071
hexadecimal
1057
atoms
1058
boomerang
1059
rotate
1060 1082 1811 1864 1909
levels
1062 1414
radius
1065
edits
1067
reservation
1068
separate
1069 1523
wealth
1074
identical
1079
3
1083 1190
pow(x,
1086
n)
1086
editor
1087
airplane
1088
assignment
1088
robber
1090 1107 1327 1873
alphabetical
1091
continuous
1091 1138 1440 1462 1729
tromino
1092
tiling
1092 1460
step-by-step
1094
directions
1094
chosen
1097
earning
1098
broken
1099
tile
1100
possibilities
1100
k-sum
1101 1469
confirmation
1102
rate
1102
cyclically
1104
rotating
1104 1624
enemy
1106
forts
1106
captured
1106
encoded
1110 1671
sub-arrays
1112 1554 2014
shuffle
1113 1655 1680 1750
polish
1114
notation
1114
m
1115 1178 2023
1's
1116 1714 2006
chain
1117 1433
concatenated
1118 1241
triangulation
1119
polygon
1119 1614
gold
1120
infected
1121
utf-8
1122
validation
1122
starting
1123
slanted
1126
ciphertext
1126
crawler
1130
folder
1130
furthest
1131 1899
houses
1131
changes
1133
degrees
1134
k-distant
1135
indices
1135 1582 1650 1953 1990
unsorted
1138
mutation
1140
ant
1150
colony
1150
min-product
1151
clone
1154 1373
beans
1156
skill
1157
patching
1158
minimums
1162
best
1165 1301 1320 1396 1474 1505 1520 1552 1879 1920
buy
1165 1474 1505 1520 1552 1736 1879
sell
1165 1474 1505 1520 1552 1840 1879
cheapest
1167
flights
1167
magical
1171 1368
slowest
1173
lonely
1174
cat
1176 1603
mouse
1176 1603
regular
1177
bouquets
1178
found
1180 1192
verifying
1181
alien
1181
logical
1182
grids
1182
represented
1182
as
1182 1328 1767 1928 1944 1944
quad-trees
1182
placing
1184
resultant
1189

1190
push
1191
dominoes
1191
keep
1192 1625 1772
multiplying
1192
subtracting
1196
amounts
1196
except
1197
dividing
1201
open
1205 1788
lock
1205
special-equivalent
1208
vertices
1209
similarity
1210
minimized
1215
distributed
1215
center
1217
star
1217 1706
removable
1220
cancellable
1223
describe
1224
painting
1224 1926
fix
1225
names
1225 1848
trainers
1226
view
1227
even-valued
1228
grandparent
1228
appearing
1230
25%
1230
subjects
1232
taught
1232
teacher
1232
children
1233
jobs
1236
item
1238
include
1239
wraparound
1242
frogs
1243
croaking
1243
simplify
1247
poor
1248
pigs
1248
filter
1249 1273
restaurants
1249
vegan-friendly,
1249
gain/loss
1251
diagonal
1253 1386 1644 1793
tuple
1258
koko
1260
eating
1260
bananas
1260
consistent
1262
big
1266
countries
1266
stream
1267 1506 1622 1767 1972
132
1268
new
1271
21
1271
defuse
1272
bomb
1272
sideway
1275
respecting
1276
dependencies
1276
fuel
1280
shift
1281
detonate
1284
bombs
1284
double
1286 2031
exist
1286
scores
1287 1615 1927
a's
1289
appears
1289
b's
1289
candy
1290 1528 1543 1786
parity
1293 1712
suggestions
1296
lucky
1297 1774
deletions
1299 1323 1326
sightseeing
1301
close
1303
dota2
1306
senate
1306
judgement
1308
cherry
1309 1525
immutable
1312 1664
immediate
1314
say
1315
prefix-aligned
1316
sticks
1318 1318
events
1320 1452 1678 1937
keys
1321 1601 1916
spellchecker
1322
map
1324 2025
frequencies
1326
appear
1328 1822
contiguous
1329 1748
pangram
1330
transpose
1331 1467
getrandom
1333 1620
o(1)
1333 1620
invert
1338
will
1339 1693
chalk
1339
couples
1341
holding
1341
solving
1345
questions
1345
brainpower
1345
solve
1347
dungeon
1349
jug
1350
problem
1350 1667
ors
1351
modify
1353
edge
1353 1947 2001
weights
1353
emitter
1355
gray
1356
dice
1359 1998
roll
1359
edit
1365
html
1366
entity
1366
parser
1366 1931 2021
sleep
1369
goat
1372
latin
1372
corresponding
1373
effort
1376
trie
1378
(prefix
1378
tree)
1378
version
1381
summation
1385
traverse
1386 1644
pyramid
1388
transition
1388
monotonic
1389
parallel
1390
courses
1390
enclaves
1391
abbreviating
1394
conflicts
1396
russian
1397
doll
1397
envelopes
1397
symbol
1402
grammar
1402
dot
1405
replacing
1406 1971
hidden
1406 1547
return
1408 1992
b
1409
c
1409
matches
1416
tournament
1416
reorganize
1418
routes
1423 1862 1905
lead
1423
mode
1425
non-zero
1426
pseudo-palindromic
1428
rungs
1429
isomorphic
1430
non
1434
bsts
1437
invited
1439
1d
1447
accounts
1449
units
1450
truck
1450
entering
1451
lcp
1453
robots
1456
budget
1456 1817
k-concatenation
1458
fewest
1460
squares
1460 1697 1911 1935
subtract
1461
diff
1462
non-increasing
1463
buckets
1464
feed
1464
hamsters
1464
gap
1472 2020
k-mirror
1473
fancy
1478 1979
totals
1483
ice
1487
cream
1487
bars
1487
tokens
1490
minimal
1491
swapping
1494
available
1495
captures
1495
rook
1495
rle
1497
importance
1499 1761
reducing
1502
dishes
1502
scramble
1504
chips
1509
minesweeper
1510
projection
1512
border
1513
turbulent
1515
put
1517
marbles
1517
bags
1517 1541
exchange
1518
seats
1518
1s
1519
cooldown
1520
sqrt(x)
1524
constrained
1526
choose
1529
tweet
1530
coprimes
1538
teemo
1539
attacking
1539
tweets
1540
rocks
1541
tastiness
1543
basket
1543
lcm
1545
resizing
1546
previous
1551
homogenous
1555
flower
1563
planting
1563
categorize
1564
criteria
1564
hashmap
1565
colored
1566 1840
popular
1571
video
1571 1595
creator
1571
punishment
1572
repetitions
1573
multithreaded
1575
great
1576 1870
equalize
1579
numeric
1580
deque
1581
marked
1582
decrypt
1583
mapping
1583
referee
1589
contaminated
1590
half
1592
stitching
1595
rob
1596
ransom
1602
note
1602
sets
1604 1657
backspace
1611
di
1612 1730 1882
excluding
1613
collisions
1614
monkeys
1614
rotation
1616 1732
k-subarray
1617
k-beauty
1619
allowed
1620
increase
1625
skyline
1625 1667
complementary
1626
senior
1628
citizens
1628
(atoi)
1631
pow
1632
represent
1633
chart
1633
p
1634
decoded
1635
white
1636
tiles
1636
carpet
1636
arrangements
1638
mice
1640
cheese
1640
arrows
1642
length-3
1649
sub
1652
emails
1654 1677
advantage
1655
stickers
1665
spell
1665
increments
1666
decompress
1671
run-length
1671
stay
1676
place
1676 1696
some
1676 1727
heroes
1684
reward
1688
debounce
1690
ball
1693
fall
1693 1987
rational
1694
intersections
1695
ends
1699
mutating
1700
communicate
1701
assigning
1702
obstacles
1705
market
1709
pacific
1710
atlantic
1710
flow
1710
halves
1711
alike
1711
places
1714
away
1714
subdomain
1717
square-free
1724
mean
1727
xor-beauty
1728
allocate
1731
mailboxes
1731
tallest
1735
billboard
1735
multiplicity
1740
account
1741
secret
1743
arranging
1745
longer
1748
stacking
1751
cuboids
1751
performance
1752
buying
1753
kind
1757
deck
1757
primary
1759
growth
1760
filling
1763
bookcase
1763
shelves
1763
boats
1766
save
1766
disjoint
1767 1791
delayed
1769
arrival
1769
fully
1772
traversable
1772
replacements
1776
remapping
1778
labelled
1781
votes
1782
subdivided
1783
surrounded
1784
lfu
1785
eat
1786 1800 1895
day?
1786
taps
1788
garden
1788 1917
it
1792 1962
straight
1792
short
1797
encoding
1797
k-group
1799
formation
1802
uncrossed
1803
transformation
1805
complement
1809 1892
tour
1812
configuration
1812
-2
1813
marking
1819
legal
1821
patients
1824
prison
1828
snapshot
1831
laser
1833
beams
1833
hello
1835
world
1835
loop
1836
diagonally
1837
hourglass
1839
diminishing-valued
1840
erect
1841
fence
1841
strength
1842
wizards
1842
limited
1844 2001
destroy
1850
targets
1850
weak
1851
gas
1852
station
1852
plates
1857
candles
1857
bottom
1859
ascending
1861
excellent
1867
ascii
1868
doubled
1874
transaction
1879
fee
1879
pairings
1880
result
1886
corridor
1887
login
1888
2020
1888
alert
1889
key-card
1889
hour
1889
block
1890
ranked
1891
10
1892
corporate
1894
flight
1894
bookings
1894
unable
1895
lunch
1895
recent
1896
boring
1900
movies
1900
message
1907
rope
1910
colorful
1910
certain
1912
multilevel
1913
doubly
1913
enough
1917
competitive
1919
service
1920
centre
1920
toeplitz
1925
occurs
1928
goal
1931
interpretation
1931
rings
1932
rods
1932
lengths
1933
sector
1934
track
1934
conflict
1937
impossible
1938
smoother
1940
they
1942
belong
1942
far
1944
land
1944 2010
deviation
1950
comments
1952
independently
1953
tic
1955
tac
1955
toe
1955
brick
1957
wall
1957
booking
1960
concert
1960
n-th
1961
tribonacci
1961
additive
1964
unguarded
1965
kids
1967
viii
1970
twitter
1973
bought
1974
delivering
1975
storage
1975
ports
1975
card
1976
solution
1980
tag
1981
validator
1981
weeks
1982
itinerary
1985
moment
1987
ants
1987
plank
1987
trailing
1991
3-same-digit
1993
lemonade
1994
provinces
1995
rolls
1998
checking
2001
existence
2001
chunked
2002
decomposition
2002
queens
2003
attack
2003
king
2003
eaten
2005
recipes
2009
supplies
2009
fertile
2010
pyramids
2010
performing
2012
connections
2016
mini
2021
pruning
2022
user
2026
activity
2026
past
2026
30
2026
dining
2030
philosophers
2030
reversal
2031
transformable
2032
backlog
2034
